,rp,Wp,Wp_err,wp,wp_err
0,0.012,888.748,513.696,42157.4,24367.0
1,0.019,246.645,175.112,11703.3,8309.1
2,0.03,154.087,89.539,7315.0,4250.7
3,0.046,42.409,30.695,2014.7,1458.2
4,0.071,21.161,15.671,1006.4,745.3
5,0.11,9.85,7.672,469.2,365.5
6,0.171,21.545,7.515,1028.8,358.9
7,0.265,3.304,2.485,158.3,119.1
8,0.409,,,,
9,0.634,1.114,1.495,54.2,72.7
10,0.981,2.429,0.731,119.5,36.0
11,1.518,1.361,0.373,68.2,18.7
12,2.349,0.725,0.206,37.4,10.6
13,3.636,1.037,0.145,55.9,7.8
14,5.627,0.795,0.088,45.9,5.1
