3.371971377818346216e+00 1.381669559040281214e+00 3.711606784713901153e-01
4.259995391188703628e+00 1.322061385868118943e+00 3.533432528225301517e-01
5.381884571241648096e+00 3.715708108950085409e-01 3.434901668231157834e-01
6.799228374302684230e+00 6.782940689188406980e-01 2.778296545076979762e-01
8.589836120408870457e+00 1.988033779060951467e-01 1.753395042539069026e-01
1.085200856825877480e+01 4.801756927708032974e-01 1.758947091664460338e-01
1.370993442887200153e+01 5.785311907126448050e-01 1.176732972378803227e-01
1.732050807568877104e+01 1.232973834984698314e-01 8.766917616767457011e-02
2.188194272966211074e+01 9.584361263403212705e-02 8.228169579620640828e-02
2.764465196585589624e+01 1.247825722467525433e-01 5.778158660694281135e-02
3.492499691434394293e+01 5.193647823861000101e-02 4.619258613159930860e-02
4.412265384905054333e+01 6.806822640950932479e-02 4.677041657513643369e-02
5.574255561017864835e+01 5.769875636092063054e-02 3.299349300759720632e-02
7.042261140012369935e+01 -9.389766753862710882e-03 2.042682805998488615e-02
8.896872671383674458e+01 -6.711193483858585856e-03 1.662816470583691059e-02
