3.371971377818346216e+00 1.574002392681978169e+00 6.474054053353073268e-01
4.259995391188703628e+00 1.444932554814735592e+00 5.710038571224970161e-01
5.381884571241648096e+00 3.527893097551280110e-01 5.200885124167003992e-01
6.799228374302684230e+00 9.013343531333484204e-01 2.843285063373743315e-01
8.589836120408870457e+00 1.399944048499788540e-01 3.148398431749932502e-01
1.085200856825877480e+01 3.772023912151131197e-01 2.329532121311135018e-01
1.370993442887200153e+01 4.864161453552968140e-01 1.748751258669618280e-01
1.732050807568877104e+01 3.004399779795781100e-01 1.882591926666836446e-01
2.188194272966211074e+01 1.701448467938375120e-01 1.160329796827471588e-01
2.764465196585589624e+01 1.556257461673922760e-01 1.074328750432079621e-01
3.492499691434394293e+01 -5.180561213480860266e-02 7.505937178235649876e-02
4.412265384905054333e+01 9.279770465695685866e-02 5.914551323655568155e-02
5.574255561017864835e+01 5.926721686613808937e-02 4.870289748515702760e-02
7.042261140012369935e+01 -3.963523388589004770e-02 3.069809324986686253e-02
8.896872671383674458e+01 -1.819937288155141358e-02 2.769148073413998240e-02
