3.371971377818346216e+00 1.437528744433846262e+00 2.960674992462306032e-01
4.259995391188703628e+00 1.122637619015656840e+00 2.631109313447437259e-01
5.381884571241648096e+00 6.996446782243621598e-01 2.757830862753109513e-01
6.799228374302684230e+00 4.716751083551044554e-01 2.260420149257674205e-01
8.589836120408870457e+00 3.609272389419675986e-01 1.536364250147055077e-01
1.085200856825877480e+01 5.047944399504212809e-01 1.649301544792460827e-01
1.370993442887200153e+01 5.502957013995399826e-01 1.047833404421302794e-01
1.732050807568877104e+01 1.196124120318362433e-01 8.952185602486786853e-02
2.188194272966211074e+01 1.163432290583845397e-01 8.090376926190714912e-02
2.764465196585589624e+01 1.169184382203005829e-01 5.807906963804692485e-02
3.492499691434394293e+01 4.285949696268138986e-02 4.554308666968098773e-02
4.412265384905054333e+01 6.412601658361449797e-02 4.484066263738140795e-02
5.574255561017864835e+01 5.659678752499486265e-02 3.140879626430048005e-02
7.042261140012369935e+01 -8.398954394624767034e-03 1.993910564585786582e-02
8.896872671383674458e+01 -7.179477535685836048e-03 1.674644405623254909e-02
