3.371971377818346216e+00 1.352259313464112322e+00 4.933595302056518750e-01
4.259995391188703628e+00 1.093726956200533618e+00 4.107743916803538453e-01
5.381884571241648096e+00 8.718906177786320821e-01 3.943291145113174689e-01
6.799228374302684230e+00 6.184293947150657500e-01 2.713865682222458831e-01
8.589836120408870457e+00 3.417295433162980123e-01 2.875675751743230757e-01
1.085200856825877480e+01 3.220521737125685013e-01 2.152535282285860385e-01
1.370993442887200153e+01 5.507312658044820619e-01 1.649463211398317086e-01
1.732050807568877104e+01 2.324053378120971292e-01 1.766327386173543734e-01
2.188194272966211074e+01 2.141933401739080645e-01 1.198961233487899070e-01
2.764465196585589624e+01 1.461474295038676652e-01 1.099390732602840148e-01
3.492499691434394293e+01 -5.825451763222266183e-02 7.370763796846081795e-02
4.412265384905054333e+01 7.996459114583702454e-02 5.485427436056281719e-02
5.574255561017864835e+01 6.271783843669349878e-02 4.858196379017155203e-02
7.042261140012369935e+01 -4.255412435434798024e-02 3.173360453730382502e-02
8.896872671383674458e+01 -1.702650870396762994e-02 2.801042997432893686e-02
