3.371971377818346216e+00 1.388851289232484687e+00 4.833092968661067967e-01
4.259995391188703628e+00 1.049355009479692402e+00 3.612648184066628021e-01
5.381884571241648096e+00 7.049397211261068108e-01 3.080646777895639787e-01
6.799228374302684230e+00 4.947125285316095744e-01 2.587159900810452329e-01
8.589836120408870457e+00 3.825897275839700296e-01 2.136780256597002325e-01
1.085200856825877480e+01 6.196378321919028265e-01 2.411222431172309888e-01
1.370993442887200153e+01 7.162817544967806649e-01 1.667585658105885382e-01
1.732050807568877104e+01 -1.618061144463395218e-02 1.293417305598259792e-01
2.188194272966211074e+01 6.568964094327359171e-02 1.302808247086683358e-01
2.764465196585589624e+01 1.012697499721054856e-01 8.295256913379514541e-02
3.492499691434394293e+01 3.873060997160231861e-02 7.664660013914885439e-02
4.412265384905054333e+01 3.059988062128570635e-02 5.505381311480821160e-02
5.574255561017864835e+01 6.724443013103972855e-02 4.143505615006006643e-02
7.042261140012369935e+01 1.010794903796051816e-02 2.792425992098958309e-02
8.896872671383674458e+01 -8.702434668032554832e-03 2.410070063123405035e-02
