3.371971377818346216e+00 1.506780448763093805e+00 3.771229293267061022e-01
4.259995391188703628e+00 1.146043813453612392e+00 2.848590186749475062e-01
5.381884571241648096e+00 5.598827373592927259e-01 3.165477157310178091e-01
6.799228374302684230e+00 3.525718980914353540e-01 3.188819542742870605e-01
8.589836120408870457e+00 3.763820590405892452e-01 1.577106879269208617e-01
1.085200856825877480e+01 6.529480152175412000e-01 2.042348533790180609e-01
1.370993442887200153e+01 5.500198928102791873e-01 1.409739886834750211e-01
1.732050807568877104e+01 2.816416834467668981e-02 1.357822623153979447e-01
2.188194272966211074e+01 3.695509424093318396e-02 1.035383821241365188e-01
2.764465196585589624e+01 9.324502774085247081e-02 8.456233099156799937e-02
3.492499691434394293e+01 1.248347399278855185e-01 5.333107440183952608e-02
4.412265384905054333e+01 5.128825913230945083e-02 5.417906860022234095e-02
5.574255561017864835e+01 5.165072000388369611e-02 3.922164766765183497e-02
7.042261140012369935e+01 1.930921627022681025e-02 2.826161225721658329e-02
8.896872671383674458e+01 7.752596457967532440e-04 2.058136939060210835e-02
