3.371971377818346216e+00 3.119094114548125685e+00 2.254189725171991954e-01
4.259995391188703628e+00 2.587660374903831606e+00 1.714789505784450607e-01
5.381884571241648096e+00 2.161580969891988779e+00 1.345942762010998162e-01
6.799228374302684230e+00 1.743458761854230543e+00 1.064989029936244808e-01
8.589836120408870457e+00 1.654487707420461806e+00 7.838606742487985723e-02
1.085200856825877480e+01 1.142234017330899132e+00 7.271510410522132040e-02
1.370993442887200153e+01 9.811789106369797064e-01 5.343923548170428223e-02
1.732050807568877104e+01 7.992119273431186333e-01 5.096656012356606813e-02
2.188194272966211074e+01 6.184683600222277144e-01 3.589695101238320890e-02
2.764465196585589624e+01 4.424893710651610634e-01 3.381508059166678931e-02
3.492499691434394293e+01 3.590462689060938684e-01 2.603797548672318746e-02
4.412265384905054333e+01 2.598475214084470797e-01 2.529879269807947320e-02
5.574255561017864835e+01 1.834633905055755576e-01 2.298490957640699980e-02
7.042261140012369935e+01 1.568924157340067238e-01 1.774344895055036606e-02
8.896872671383674458e+01 1.458172883317340462e-01 1.852215162407788024e-02
