3.371971377818346216e+00 1.493769029705841689e+00 3.654016952485963921e-01
4.259995391188703628e+00 1.190604845718045146e+00 3.180584612983592407e-01
5.381884571241648096e+00 6.824062907627558294e-01 3.641962286208452193e-01
6.799228374302684230e+00 4.412123821840275850e-01 3.108878218075710187e-01
8.589836120408870457e+00 3.370287328463879573e-01 2.142454068091699526e-01
1.085200856825877480e+01 3.812425408768763124e-01 1.974961523066368074e-01
1.370993442887200153e+01 3.791957116346804657e-01 1.714827542644485892e-01
1.732050807568877104e+01 2.585780613703447806e-01 1.330870604898867493e-01
2.188194272966211074e+01 1.632298011032068397e-01 9.439423608464680981e-02
2.764465196585589624e+01 1.335290748259496119e-01 6.950646379315250645e-02
3.492499691434394293e+01 4.554973126821733331e-02 6.436715202271123260e-02
4.412265384905054333e+01 9.950798608309252558e-02 6.167780488885551970e-02
5.574255561017864835e+01 4.562744315872696577e-02 3.964055281756416471e-02
7.042261140012369935e+01 -2.642565024097403778e-02 3.114061470423612130e-02
8.896872671383674458e+01 -5.530198539971331595e-03 2.050646557585386609e-02
