3.371971377818346216e+00 1.225095795221337713e+00 4.946079002393709012e-01
4.259995391188703628e+00 1.222367552695779125e+00 4.377662050285973661e-01
5.381884571241648096e+00 3.867163583021822615e-01 3.612086831238243145e-01
6.799228374302684230e+00 4.972112881772948745e-01 4.324776721235577548e-01
8.589836120408870457e+00 2.463673267757927887e-01 1.735328898068048131e-01
1.085200856825877480e+01 5.635785245767777063e-01 1.976341357377147112e-01
1.370993442887200153e+01 6.533020833612248612e-01 1.751127385963372196e-01
1.732050807568877104e+01 -2.030763037206923319e-02 1.494040142325965825e-01
2.188194272966211074e+01 3.554632371131143803e-02 1.129349925116046038e-01
2.764465196585589624e+01 9.978619497318744203e-02 9.327455739306862725e-02
3.492499691434394293e+01 1.360328967534060185e-01 5.127130386212037927e-02
4.412265384905054333e+01 4.802035070076021706e-02 5.464890915317267145e-02
5.574255561017864835e+01 5.643922823777445391e-02 3.949493480360632275e-02
7.042261140012369935e+01 1.514658999584776733e-02 2.843381127980242062e-02
8.896872671383674458e+01 2.570183287169099454e-03 2.024269646453722218e-02
